1863
4506
4864
3524
2740
3773
2307
4980
3072
4431
4217
2047
3893
4135
2098
99
4530
2097
2582
2289
3341
1574
4763
198
2054
1558
2541
421
4466
1883
3748
4810
4374
2774
2777
904
3260
4507
4302
739
900
243
445
1926
3099
4773
999
4702
1254
204
3281
256
2476
608
3832
2053
4195
2416
2351
3999
4252
2572
4819
1983
3529
587
1772
2929
1644
1054
3710
3756
2660
3169
3178
325
3713
1476
2900
4491
3912
4116
196
3282
188
1889
3042
3521
3018
1320
4544
3608
3713
2235
4813
2906
2659
1052
2429
4270
1143
3439
1312
4028
3462
84
220
3404
2862
351
2439
2168
123
1391
1055
1963
3304
944
2348
3625
4667
4266
2515
1821
2372
4520
608
927
4291
4449
458
3017
658
4336
4860
4853
2268
2773
4534
802
2524
456
4206
3180
1412
2490
3854
1694
2282
3435
4405
4731
152
3669
1285
168
3309
1783
3590
996
4277
3568
957
578
1682
3818
4461
746
4959
2129
141
3828
590
4035
4072
2781
1216
4463
597
4815
1345
845
347
167
4375
2820
520
3804
972
4833
4137
738
475
599
29
4769
1806
1271
1284
1106
3474
2914
2765
229
3369
4896
4198
506
4386
902
30
4357
3928
1474
1884
3982
3690
1486
3162
4384
3074
4269
735
1255
3621
1344
1328
2744
4821
613
645
4616
1814
1949
101
3475
959
4598
2140
2893
901
1474
2526
3088
4345
341
4885
4565
3964
402
4292
107
4568
213
4804
1442
98
3591
4441
4749
3973
1796
1997
3484
1725
3708
842
3028
2749
2203
4649
4526
4878
2605
1662
4731
335
2950
2444
3949
4088
451
657
4225
4538
337
1565
954
138
492
4180
2650
1689
4622
4987
2447
1891
2181
2840
588
3101
2761
2538
2646
1572
531
1330
3409
3166
67
1925
906
3079
2730
4917
3077
1603
2142
2782
4167
2654
1025
3341
1016
1297
2168
4165
3167
3952
4618
4752
1356
2606
1703
3315
3480
443
4658
3790
852
4139
3374
781
1001
2102
453
803
1965
914
2327
4806
1678
2029
4383
1521
3664
1693
4849
3474
4997
559
1649
4986
4216
588
4859
2360
1950
1669
1978
3354
1490
98
4305
1725
659
4472
3514
213
542
4938
4409
3918
4629
2968
534
1017
13
4157
2510
3473
2259
895
3066
4231
3882
2752
2777
552
1093
1947
4675
988
2469
4956
2630
3988
283
1145
1648
4478
4389
2377
4592
1238
2247
4447
3128
4702
891
4514
734
464
1974
3223
4858
197
1399
4109
2364
4318
3836
1361
3248
4760
956
2572
2717
2398
1410
2436
2072
2185
58
2707
1115
3022
4170
3544
863
2949
1551
3740
3691
3870
4750
1829
616
3155
2494
4153
3382
489
2185
798
4300
1019
475
4449
3677
3495
4627
1684
2868
1732
3364
4794
4999
3104
4836
4390
871
2891
4558
1499
1589
3251
625
701
4957
1133
4504
4648
4878
2171
3111
2284
2428
3482
1036
4669
749
422
763
1493
1584
3570
4735
4123
4956
271
1752
2571
1316
3724
68
2044
1947
119
1460
282
3814
1334
1565
35
1081
230
4846
2662
2709
3032
4919
4868
1121
2454
1161
2818
1265
3133
724
2561
1690
4558
2144
890
3278
1018
2232
4744
626
3536
543
4095
1282
3350
2273
299
2467
4559
2806
4465
1861
1817
1339
2762
3734
4630
4954
4326
1447
999
266
629
4727
3633
1446
3396
4380
1483
4369
966
1484
3276
4150
4794
473
260
1782
1577
940
4817
3447
1054
1409
3157
3540
1885
2253
1027
2285
2009
1720
1787
2216
4701
3937
2058
2159
1201
983
751
1929
1678
1736
3627
609
2729
1331
4482
4323
3928
1186
2021
3214
2526
3323
2000
2577
2364
2581
4247
3647
4405
2487
1076
1449
2898
4821
1222
55
1558
4209
1877
1649
2409
863
3322
108
370
4091
3962
4930
60
2802
1862
3782
2836
3587
4435
4641
4442
925
1764
2425
4241
4472
1781
230
4262
120
4520
2500
16
733
1258
588
1344
2508
2743
4076
2511
3337
2921
2773
2287
3134
4752
4818
3399
315
1058
3554
4290
230
1110
1450
504
1403
2029
2385
481
3849
2583
4228
944
2547
2369
2694
4742
578
123
2494
1354
3207
2562
2173
2865
2166
2548
1291
3608
690
250
3135
68
3841
2533
4010
3687
4205
336
4732
2990
1603
4994
3612
638
2768
4235
3573
500
3524
212
3712
3752
903
4332
4121
926
2911
487
4642
4242
4064
2143
2186
1436
549
2573
2517
3376
4260
3059
4736
368
411
386
4949
1149
418
3644
3942
3594
582
432
969
949
1192
3551
836
279
4758
4785
228
442
1140
2778
2854
2516
1779
2628
4515
2403
3780
4881
2249
780
841
6
3725
955
2815
1086
1756
2514
4553
4093
2393
2860
1583
3140
1150
2539
3494
1915
4040
334
191
3120
4720
2309
3629
2492
4415
218
1563
1609
2946
456
2079
2641
1287
4581
1078
963
948
3706
4776
2796
3354
2070
4855
1597
1349
1935
1126
3843
523
3249
3117
4211
1952
120
1320
1381
3601
1740
2336
1638
1969
1899
4281
1948
637
4683
1785
4767
1247
722
752
4148
3214
4191
71
307
3669
4981
697
3528
3488
1218
913
3529
4465
2232
2381
107
4467
3213
4060
1241
3839
2885
4342
907
4945
846
2598
1648
888
4268
1309
1957
3507
3956
711
1022
3028
720
4682
184
4524
2912
104
3478
3484
326
2475
2296
4515
2725
4653
1780
1114
3560
335
4460
2221
761
3571
699
1383
4438
519
2680
3528
4965
4478
4713
4263
2845
1828
2049
1895
203
4438
4333
3388
21
2221
2922
4713
938
4210
2854
977
2877
402
1953
2367
130
3342
3114
3549
133
598
3461
2438
3946
1569
4250
1354
3517
1001
4042
4411
745
2939
2161
1444
3878
835
382
49
2513
776
4140
591
1458
4981
363
1173
4398
1043
4352
1534
4655
1792
517
474